Bulbasaur,1001,20001,30001,40001,50001,60001,99999
Ivysaur,1002,20002,30002,40002,50002,60002,99999
Venusaur,1003,20003,30003,40003,50003,60003,99999
Charmander,1004,20004,30004,40004,50004,60004,99999
Charmeleon,1005,20005,30005,40005,50005,60005,99999
Charizard,1006,20006,30006,40006,50006,60006,99999
Squirtle,1007,20007,30007,40007,50007,60007,99999
Wartortle,1008,20008,30008,40008,50008,60008,99999
Blastoise,1009,20009,30009,40009,50009,60009,99999
Caterpie,1010,20010,30010,40010,50010,60010,99999
Metapod,1011,20011,30011,40011,50011,60011,99999
Butterfree,1012,20012,30012,40012,50012,60012,99999
Weedle,1013,20013,30013,40013,50013,60013,99999
Kakuna,1014,20014,30014,40014,50014,60014,99999
Beedrill,1015,20015,30015,40015,50015,60015,99999
Pidgey,1016,20016,30016,40016,50016,60016,99999
Pidgeotto,1017,20017,30017,40017,50017,60017,99999
Pidgeot,1018,20018,30018,40018,50018,60018,99999
Rattata,1019,20019,30019,40019,50019,60019,99999
Raticate,1020,20020,30020,40020,50020,60020,99999
Pikachu,1025,20025,30025,40025,50025,60025,99999